


E = [10 13 15];

H = 240e-6;

V = E*1000*H*100











